Cost of the solution: 158
4114
3113
3223
4224
0220

4114
3113
3223
0224
4220

4114
0113
3223
3224
4220

0114
4113
3223
3224
4220

0114
4113
3223
3224
4022

0114
4113
3223
3224
0422

0114
4113
0223
3224
3422

0114
0113
4223
3224
3422

1104
1103
4223
3224
3422

1140
1103
4223
3224
3422

1143
1103
4220
3224
3422

1143
1103
4022
3224
3422

1143
1103
0422
3224
3422

1143
1103
3422
3224
0422

1143
1103
3422
3224
4022

1143
1103
3422
3224
4220

1143
1103
3422
3220
4224

1143
1103
3422
3022
4224

1143
1103
3022
3422
4224

1143
1103
3220
3422
4224

1140
1103
3223
3422
4224

1104
1103
3223
3422
4224

0114
0113
3223
3422
4224

0114
3113
3223
0422
4224

3114
3113
0223
0422
4224

3114
3113
2203
0422
4224

3114
3113
2203
4022
4224

3114
3113
2203
4220
4224

3114
3113
2203
4224
4220

3114
3113
2203
4224
4022

3114
3113
2203
4224
0422

3114
3113
2203
0224
4422

3114
3113
2203
2204
4422

3114
3113
2203
2240
4422

3114
3113
2243
2200
4422

3114
3113
2243
2222
4400

3114
3113
2243
2222
4040

3114
3113
2243
2222
4004

3114
3113
2243
2222
0404

3114
3113
2243
2222
0044

3114
3113
2243
0022
2244

3114
3113
2243
0220
2244

3114
3113
2243
2200
2244

3114
3113
2243
2240
2204

3114
3113
2243
2240
2240

3114
3110
2243
2243
2240

3114
3110
2240
2243
2243

3114
3110
2204
2243
2243

3114
3110
2244
2203
2243

3114
3110
2244
2243
2203

3114
3114
2240
2243
2203

3114
3114
2240
2243
0223

3114
3114
2243
2243
0220

3114
3114
2243
2243
0022

3114
3114
2243
0043
2222

3114
3114
2243
0403
2222

3114
3114
2243
4003
2222

3114
3114
2203
4043
2222

3114
3114
0223
4043
2222

3114
3114
4223
0043
2222

3114
3114
4223
2243
0022

3114
3114
4223
2243
0220

3114
3114
4220
2243
0223

3114
3114
4022
2243
0223

3114
3114
0422
2243
0223

3114
3114
0422
2243
2203

3114
3114
0422
2203
2243

3114
3114
0422
0223
2243

0114
3114
3422
0223
2243

0114
0114
3422
3223
2243

1104
1104
3422
3223
2243

1140
1104
3422
3223
2243

1144
1100
3422
3223
2243

1144
1122
3400
3223
2243

1144
1122
3403
3223
2240

1144
1122
3403
3223
2204

1144
1122
3403
3223
0224

1144
1122
0403
3223
3224

1144
1122
0043
3223
3224

0044
1122
1143
3223
3224

0404
1122
1143
3223
3224

0440
1122
1143
3223
3224

4040
1122
1143
3223
3224

4400
1122
1143
3223
3224

4422
1100
1143
3223
3224

4422
1140
1103
3223
3224

4422
1104
1103
3223
3224

4422
0114
0113
3223
3224

0422
4114
0113
3223
3224

4022
4114
0113
3223
3224

4220
4114
0113
3223
3224

4220
0114
4113
3223
3224

4224
0110
4113
3223
3224

0224
4110
4113
3223
3224

2204
4110
4113
3223
3224

2204
4113
4113
3220
3224

2204
4113
4113
3224
3220

2240
4113
4113
3224
3220

2243
4113
4110
3224
3220

2243
4113
4114
3220
3220

2243
4113
4114
3022
3220

2243
4113
4114
3022
3022

2243
4113
4114
0322
0322

2243
4113
0114
4322
0322

2243
0113
4114
4322
0322

2243
0113
4114
0322
4322

2243
0113
0114
4322
4322

2243
1103
1104
4322
4322

2243
1103
1140
4322
4322

2203
1143
1140
4322
4322

2200
1143
1143
4322
4322

0220
1143
1143
4322
4322

0022
1143
1143
4322
4322

1122
1143
0043
4322
4322

1122
1143
4043
0322
4322

1122
1143
4043
4322
0322

1122
1143
4343
4322
0022

1122
1143
4343
4322
0220

1122
1143
4343
4322
2200

1122
1143
4343
4300
2222

1122
1140
4343
4303
2222

1122
1104
4343
4303
2222

1122
1144
4303
4303
2222

1122
1144
4033
4033
2222

1122
1144
0433
4033
2222

1122
1144
0033
4433
2222

0022
1144
1133
4433
2222

0220
1144
1133
4433
2222

2200
1144
1133
4433
2222

2204
1140
1133
4433
2222

2204
1143
1133
4430
2222

2244
1103
1133
4430
2222

2244
1133
1133
4400
2222

2244
1133
1133
4422
2200

2244
1133
1133
4422
0220

2244
1133
1133
4422
0022

2244
1133
1133
4022
0422

2244
1133
1133
0022
4422

2244
0033
1133
1122
4422

0044
2233
1133
1122
4422

0404
2233
1133
1122
4422

4004
2233
1133
1122
4422

4040
2233
1133
1122
4422

4043
2233
1130
1122
4422

4403
2233
1130
1122
4422

4433
2233
1100
1122
4422

4433
2233
1122
1100
4422

4433
2233
1122
1122
4400

4433
2233
1122
1122
4040

4433
2233
1122
1122
0440

4433
2233
1122
1122
0404

4433
2233
1122
1122
0044

4433
2233
0022
1122
1144

4433
2233
0220
1122
1144

4433
2233
2200
1122
1144

4433
2233
2222
1100
1144

4433
2233
2222
1104
1140

4433
2233
2222
1104
1104

4433
2233
2222
0114
0114

