Cost of the solution: 141
4114
4114
3223
3333
0330

4114
4114
3220
3333
0333

4114
4114
0220
3333
3333

4114
4114
0022
3333
3333

4114
0114
4022
3333
3333

4114
0114
0422
3333
3333

4114
0114
3422
3333
0333

0114
4114
3422
3333
0333

0114
4114
0422
3333
3333

0114
4114
4022
3333
3333

0114
4114
4220
3333
3333

0114
4114
4223
3333
3330

4114
0114
4223
3333
3330

4114
0114
4220
3333
3333

4114
0110
4224
3333
3333

4110
0114
4224
3333
3333

4110
4114
0224
3333
3333

4110
4114
2204
3333
3333

4110
4114
2240
3333
3333

4110
4110
2244
3333
3333

4011
4011
2244
3333
3333

4011
0411
2244
3333
3333

0011
4411
2244
3333
3333

0411
4011
2244
3333
3333

4411
0011
2244
3333
3333

4411
2211
0044
3333
3333

4411
2211
3044
3333
0333

4411
2211
3404
3333
0333

4411
2211
0404
3333
3333

4411
2211
0440
3333
3333

4411
2211
0443
3333
3330

4411
2211
4043
3333
3330

4411
2211
4040
3333
3333

4411
2211
4400
3333
3333

4400
2211
4411
3333
3333

4040
2211
4411
3333
3333

4004
2211
4411
3333
3333

0404
2211
4411
3333
3333

0044
2211
4411
3333
3333

2244
0011
4411
3333
3333

2244
0411
4011
3333
3333

2244
0411
0411
3333
3333

2244
4011
0411
3333
3333

2244
4011
4011
3333
3333

2244
4110
4110
3333
3333

2244
4110
4113
3333
3330

2244
4113
4113
3330
3330

2244
4113
4113
3303
3303

2244
4113
4113
3033
3033

2244
4113
4113
0333
0333

2244
4113
0113
4333
0333

2244
4113
0113
0333
4333

2244
0113
4113
0333
4333

2244
0113
0113
4333
4333

2244
1103
1103
4333
4333

2244
1103
1133
4333
4303

2244
1133
1133
4303
4303

2244
1133
1133
4033
4033

2244
1133
1133
4033
0433

2244
1133
1133
0033
4433

2244
0033
1133
1133
4433

0044
2233
1133
1133
4433

0404
2233
1133
1133
4433

0440
2233
1133
1133
4433

0443
2233
1130
1133
4433

0443
2233
1133
1133
4430

4043
2233
1133
1133
4430

4043
2233
1130
1133
4433

4040
2233
1133
1133
4433

4400
2233
1133
1133
4433

4403
2233
1130
1133
4433

4403
2233
1133
1133
4430

4433
2233
1103
1133
4430

4433
2233
1100
1133
4433

4430
2233
1103
1133
4433

4430
2233
1133
1133
4403

4430
2233
1133
1133
4043

4430
2233
1133
1133
0443

4433
2233
1130
1133
0443

4433
2233
1130
1133
4043

4433
2233
1130
1133
4403

4433
2233
1133
1133
4400

4433
2233
1133
1133
4040

4433
2233
1133
1133
4004

4433
2233
1133
1133
0404

4433
2233
1133
1133
0044

4433
2233
0033
1133
1144

4433
0033
2233
1133
1144

4033
0433
2233
1133
1144

4033
4033
2233
1133
1144

4303
4303
2233
1133
1144

4330
4330
2233
1133
1144

4330
4333
2233
1130
1144

4330
4333
2233
1134
1140

4330
4333
2233
1134
1104

4330
4333
2203
1134
1134

4330
4333
0223
1134
1134

4330
0333
4223
1134
1134

0330
4333
4223
1134
1134

0333
4333
4220
1134
1134

0333
4333
4022
1134
1134

0333
4333
0422
1134
1134

0333
0333
4422
1134
1134

3033
3033
4422
1134
1134

3033
3433
4022
1134
1134

3033
3433
0422
1134
1134

0033
3433
3422
1134
1134

0433
3033
3422
1134
1134

0433
3433
3022
1134
1134

0433
3433
3220
1134
1134

0433
3433
3224
1130
1134

0433
3433
3224
1134
1130

4033
3433
3224
1134
1130

4033
3433
3224
1130
1134

4033
3433
3220
1134
1134

4033
3433
3022
1134
1134

4433
3033
3022
1134
1134

4433
0333
0322
1134
1134

0433
4333
0322
1134
1134

0433
0333
4322
1134
1134

4033
0333
4322
1134
1134

4033
4333
0322
1134
1134

4333
4333
0022
1134
1134

4333
0333
4022
1134
1134

4333
0333
4220
1134
1134

4333
0333
4224
1130
1134

4333
0333
4224
1134
1130

4333
4333
0224
1134
1130

4333
4333
0224
1130
1134

4333
4333
0220
1134
1134

4333
4333
2200
1134
1134

4303
4333
2230
1134
1134

4303
4333
2234
1130
1134

4303
4333
2234
1134
1130

4333
4333
2204
1134
1130

4333
4333
2204
1130
1134

4333
4333
2240
1130
1134

4333
4333
2240
1134
1130

4333
4333
2244
1130
1130

4333
4333
2244
1103
1103

4333
4333
2244
0113
0113

